Idle Energy:
system_processes: 20966.34383750395
policy: 0
rabbitmq: 0
orchestrator: 0
sidecar: 0
uva: 0
policy-enforcer: 0
surf: 0
api-gateway: 10.09244855326898
vu: 0

Active Energy:
system_processes: 22210.792359745243
policy: 0
rabbitmq: 0
orchestrator: 0
sidecar: 0
uva: 0
policy-enforcer: 0
surf: 0
api-gateway: 8.192273075769199
vu: 0
sql-algorithm: 0
sql-query: 0
