Idle Energy:
rabbitmq: 93.9201742299658
api-gateway: 0
sidecar: 0
policy-enforcer: 0
surf: 0
policy: 0
orchestrator: 0
uva: 0
vu: 0
system_processes: 20749.163321669865

Active Energy:
rabbitmq: 75.7905263508784
api-gateway: 0
sidecar: 0
policy-enforcer: 0
surf: 0
policy: 0
orchestrator: 0
uva: 0
vu: 0
system_processes: 21799.91723330768
sql-algorithm: 0
sql-query: 0
