Idle Energy:
system_processes: 18790.093248454512
policy: 0
rabbitmq: 63.69883105915828
policy-enforcer: 0
orchestrator: 0
sidecar: 0
uva: 0
vu: 0
api-gateway: 0
surf: 0

Active Energy:
system_processes: 20386.75822947594
policy: 0
rabbitmq: 53.102360104893684
policy-enforcer: 0
orchestrator: 0
sidecar: 0
uva: 0
vu: 0
api-gateway: 0
surf: 0
sql-algorithm: 0
sql-query: 0
