Idle Energy:
rabbitmq: 0
api-gateway: 0
sidecar: 0
policy-enforcer: 0
surf: 0
policy: 0
orchestrator: 0
uva: 0
vu: 0
system_processes: 20645.578577670032

Active Energy:
rabbitmq: 0
api-gateway: 0
sidecar: 14.386500000000002
policy-enforcer: 0
surf: 0
policy: 0
orchestrator: 0
uva: 0
vu: 0
system_processes: 21749.189271500687
sql-algorithm: 0
sql-query: 9.522000000000002
