Idle Energy:
policy: 0
system_processes: 20403.30780233724
policy-enforcer: 12.14467470415023
orchestrator: 29.973665203622417
sidecar: 0
rabbitmq: 0
surf: 0
uva: 0
vu: 0
api-gateway: 0

Active Energy:
policy: 0
system_processes: 20489.308120058016
policy-enforcer: 0
orchestrator: 0
sidecar: 0
rabbitmq: 0
surf: 0
uva: 0
vu: 0
api-gateway: 0
