Idle Energy:
system_processes: 20940.582692564083
policy: 0
rabbitmq: 0
orchestrator: 0
sidecar: 0
uva: 0
policy-enforcer: 0
surf: 0
api-gateway: 8.884394861993862
vu: 0

Active Energy:
system_processes: 21944.469872972073
policy: 0
rabbitmq: 0
orchestrator: 0
sidecar: 0
uva: 0
policy-enforcer: 0
surf: 0
api-gateway: 7.964353971287611
vu: 0
sql-query: 0
sql-algorithm: 0
