Idle Energy:
system_processes: 21091.22538779503
policy: 0
rabbitmq: 0
sidecar: 68.65105115782941
orchestrator: 0
policy-enforcer: 0
api-gateway: 0
uva: 0
vu: 0
surf: 0

Active Energy:
system_processes: 21856.015408113602
policy: 0
rabbitmq: 0
sidecar: 58.290590692919515
orchestrator: 0
policy-enforcer: 0
api-gateway: 0
uva: 0
vu: 0
surf: 0
sql-query: 0
sql-algorithm: 0
