Idle Energy:
system_processes: 21137.911922418803
policy: 0
rabbitmq: 0
sidecar: 68.63905062447205
orchestrator: 0
policy-enforcer: 0
api-gateway: 0
uva: 0
vu: 0
surf: 0

Active Energy:
system_processes: 22136.839813248724
policy: 0
rabbitmq: 0
sidecar: 43.38992844126394
orchestrator: 0
policy-enforcer: 0
api-gateway: 0
uva: 0
vu: 0
surf: 0
sql-algorithm: 0
sql-query: 0
