Idle Energy:
system_processes: 21571.64818411935
policy: 0
sidecar: 25.209120405351356
rabbitmq: 0
policy-enforcer: 0
orchestrator: 0
api-gateway: 0
surf: 0
vu: 0
uva: 52.40632917018531

Active Energy:
system_processes: 22542.508568269714
policy: 0
sidecar: 21.020934263745037
rabbitmq: 0
policy-enforcer: 0
orchestrator: 0
api-gateway: 0
surf: 0
vu: 0
uva: 46.42606338059471
sql-algorithm: 0
sql-query: 0
