Idle Energy:
system_processes: 21437.800791146194
policy: 0
rabbitmq: 0
sidecar: 61.61473843281921
orchestrator: 0
policy-enforcer: 0
api-gateway: 0
uva: 0
vu: 0
surf: 0

Active Energy:
system_processes: 22209.058378090755
policy: 0
rabbitmq: 0
sidecar: 56.22249877772349
orchestrator: 0
policy-enforcer: 0
api-gateway: 0
uva: 0
vu: 0
surf: 0
sql-algorithm: 0
sql-query: 0
