Idle Energy:
system_processes: 18838.827530860126
policy: 0
rabbitmq: 71.85919374194407
policy-enforcer: 0
orchestrator: 0
sidecar: 0
uva: 0
vu: 0
api-gateway: 0
surf: 0

Active Energy:
system_processes: 20224.80136132829
policy: 0
rabbitmq: 52.322325436685865
policy-enforcer: 0
orchestrator: 0
sidecar: 0
uva: 0
vu: 0
api-gateway: 0
surf: 0
sql-query: 0
sql-algorithm: 0
