Idle Energy:
system_processes: 21745.80972064805
policy: 0
sidecar: 25.485699046603106
rabbitmq: 0
policy-enforcer: 0
orchestrator: 0
api-gateway: 0
surf: 0
vu: 0
uva: 56.45576371758117

Active Energy:
system_processes: 22615.925152229003
policy: 0
sidecar: 21.540957375883373
rabbitmq: 0
policy-enforcer: 0
orchestrator: 0
api-gateway: 0
surf: 0
vu: 0
uva: 38.85772701008935
sql-query: 0
sql-algorithm: 0
