Idle Energy:
system_processes: 21022.875937552002
policy: 0
rabbitmq: 0
orchestrator: 0
sidecar: 0
uva: 0
policy-enforcer: 0
surf: 0
api-gateway: 8.736485360297785
vu: 0
sql-algorithm: 0

Active Energy:
system_processes: 21693.297183176874
policy: 0
rabbitmq: 0
orchestrator: 0
sidecar: 0
uva: 0
policy-enforcer: 0
surf: 0
api-gateway: 6.696372020667803
vu: 0
sql-algorithm: 0
