Idle Energy:
system_processes: 21640.281790301815
policy: 0
sidecar: 24.601093381927996
rabbitmq: 0
policy-enforcer: 0
orchestrator: 0
api-gateway: 0
surf: 0
vu: 0
uva: 53.55038001688964
sql-algorithm: 0

Active Energy:
system_processes: 22886.139452191754
policy: 0
sidecar: 18.64903605755874
rabbitmq: 0
policy-enforcer: 0
orchestrator: 0
api-gateway: 0
surf: 0
vu: 0
uva: 33.58186565920337
sql-algorithm: 0
sql-query: 0
