Idle Energy:
system_processes: 19557.514993238554
policy: 0
rabbitmq: 54.78643495266465
policy-enforcer: 0
orchestrator: 0
sidecar: 0
uva: 0
vu: 0
api-gateway: 0
surf: 0
sql-algorithm: 0

Active Energy:
system_processes: 21054.128344678877
policy: 0
rabbitmq: 37.029234307810334
policy-enforcer: 0
orchestrator: 0
sidecar: 0
uva: 0
vu: 0
api-gateway: 0
surf: 0
sql-algorithm: 0
sql-query: 0
