Idle Energy:
system_processes: 21619.228854615772
policy: 0
rabbitmq: 0
orchestrator: 0
sidecar: 0
uva: 0
policy-enforcer: 0
surf: 0
api-gateway: 8.640384017067431
vu: 0

Active Energy:
system_processes: 22734.899953998003
policy: 0
rabbitmq: 0
orchestrator: 0
sidecar: 0
uva: 0
policy-enforcer: 0
surf: 0
api-gateway: 7.104315747366544
vu: 0
sql-query: 0
sql-algorithm: 0
