Idle Energy:
system_processes: 21267.257211431315
policy: 0
rabbitmq: 0
vu: 0
sidecar: 0
policy-enforcer: 0
orchestrator: 0
surf: 0
uva: 0
api-gateway: 0

Active Energy:
system_processes: 21374.601982310156
policy: 0
rabbitmq: 0
vu: 0
sidecar: 15.788701720076448
policy-enforcer: 0
orchestrator: 0
surf: 10.496466509622648
uva: 0
api-gateway: 0
