Idle Energy:
system_processes: 21127.54300191105
policy: 0
rabbitmq: 0
orchestrator: 0
sidecar: 0
uva: 0
policy-enforcer: 0
surf: 0
api-gateway: 12.42855238010578
vu: 0
sql-algorithm: 0

Active Energy:
system_processes: 22045.989166767773
policy: 0
rabbitmq: 0
orchestrator: 0
sidecar: 0
uva: 0
policy-enforcer: 0
surf: 0
api-gateway: 7.1763189475087845
vu: 0
sql-algorithm: 0
sql-query: 0
