Idle Energy:
system_processes: 21664.870883150426
policy: 0
rabbitmq: 0
orchestrator: 0
sidecar: 0
uva: 0
policy-enforcer: 0
surf: 0
api-gateway: 12.696564291746288
vu: 0

Active Energy:
system_processes: 22772.288101693484
policy: 0
rabbitmq: 0
orchestrator: 0
sidecar: 0
uva: 0
policy-enforcer: 0
surf: 0
api-gateway: 8.680385794924225
vu: 0
sql-query: 0
sql-algorithm: 0
