Idle Energy:
system_processes: 17881.418083120338
policy: 0
rabbitmq: 0
sidecar: 0
surf: 9.696323210773688
uva: 0
policy-enforcer: 0
orchestrator: 12.65242174739158
api-gateway: 0
vu: 0

Active Energy:
system_processes: 19520.521605467005
policy: 0
rabbitmq: 0
sidecar: 0
surf: 8.364371749855543
uva: 0
policy-enforcer: 0
orchestrator: 10.636472732121426
api-gateway: 0
vu: 0
sql-query: 0
sql-algorithm: 0
