Idle Energy:
system_processes: 19022.54250633364
policy: 0
rabbitmq: 51.46628739055092
policy-enforcer: 0
orchestrator: 0
sidecar: 0
uva: 0
vu: 0
api-gateway: 0
surf: 0

Active Energy:
system_processes: 20407.120587152807
policy: 0
rabbitmq: 37.710095005277964
policy-enforcer: 0
orchestrator: 0
sidecar: 0
uva: 0
vu: 0
api-gateway: 0
surf: 2.0521140063336856
sql-algorithm: 0
sql-query: 0
