Idle Energy:
system_processes: 21015.747279375868
policy: 0
rabbitmq: 0
sidecar: 71.61038701290056
orchestrator: 0
policy-enforcer: 0
api-gateway: 0
uva: 0
vu: 0
surf: 0

Active Energy:
system_processes: 21915.486314423797
policy: 0
rabbitmq: 0
sidecar: 49.118183030357066
orchestrator: 0
policy-enforcer: 0
api-gateway: 0
uva: 0
vu: 0
surf: 0
sql-query: 0
sql-algorithm: 0
