Idle Energy:
system_processes: 18849.527195955383
policy: 0
rabbitmq: 55.991110617256545
policy-enforcer: 0
orchestrator: 0
sidecar: 0
uva: 0
vu: 0
api-gateway: 0
surf: 0

Active Energy:
system_processes: 20169.59665111866
policy: 0
rabbitmq: 44.213965065114195
policy-enforcer: 0
orchestrator: 0
sidecar: 0
uva: 0
vu: 0
api-gateway: 0
surf: 0
sql-query: 0
sql-algorithm: 0
