Idle Energy:
system_processes: 18654.07646913194
policy: 0
rabbitmq: 62.446775412240584
policy-enforcer: 0
orchestrator: 0
sidecar: 0
uva: 0
vu: 0
api-gateway: 0
surf: 0

Active Energy:
system_processes: 19502.74558893198
policy: 0
rabbitmq: 57.2905462465001
policy-enforcer: 0
orchestrator: 0
sidecar: 0
uva: 0
vu: 0
api-gateway: 0
surf: 0
sql-query: 0
sql-algorithm: 0
